24
69 33 5 4
92 25 4 2
61 32 4 1
63 21 2 2
67 30 22 3
1 98 9 4
26 95 11 4
77 10 30 3
18 68 17 2
55 69 11 1
53 62 12 1
78 59 25 4
16 79 11 3
8 34 2 1
9 0 8 1
30 3 18 3
76 97 1 2
64 38 27 2
44 35 8 3
68 92 22 4
3 39 14 2
19 44 21 1
29 89 29 3
89 27 26 4
24
83 88 19 2
42 5 21 2
55 78 7 3
20 14 10 1
57 59 23 2
24 54 12 1
46 20 3 1
77 24 27 4
67 81 16 2
58 51 10 1
94 12 26 3
49 52 25 4
33 38 29 4
79 36 17 2
79 89 10 2
77 11 27 3
15 67 10 4
69 68 24 3
3 47 7 3
47 77 24 4
27 23 22 1
31 56 19 1
0 97 3 3
40 59 7 4
24
92 67 19 4
77 26 18 2
38 23 5 1
69 61 24 2
63 99 8 3
91 13 7 3
93 74 26 1
82 77 15 4
50 90 10 3
20 68 19 1
6 21 1 1
10 88 25 4
4 28 4 2
13 11 11 3
78 6 28 4
47 68 12 3
80 20 24 3
66 19 24 2
23 94 27 1
54 85 8 2
85 33 8 4
32 8 9 2
2 67 30 4
36 17 22 1
24
98 97 12 4
73 42 14 2
18 23 14 3
0 42 8 4
59 66 11 2
54 14 26 2
3 57 12 4
76 46 18 1
87 77 17 1
13 59 29 1
2 86 2 3
72 51 8 4
91 5 27 2
53 43 11 2
21 51 22 2
5 42 15 1
3 54 2 3
11 8 30 3
89 82 19 3
74 23 25 1
61 40 18 4
72 65 23 4
95 52 2 1
67 31 12 3
24
40 43 10 2
20 63 5 4
20 43 9 3
20 23 6 3
40 83 6 3
0 3 7 4
60 43 7 1
80 63 5 1
0 43 8 4
40 23 8 2
80 43 10 4
80 23 10 4
0 63 8 1
60 83 5 3
40 3 6 1
0 23 6 2
60 3 5 1
20 3 6 3
80 3 5 2
60 63 7 4
40 63 7 1
0 83 7 2
20 83 7 3
60 23 8 2
24
46 24 17 1
68 13 3 3
34 63 3 3
37 17 7 1
93 98 16 3
78 62 13 1
58 73 13 2
32 71 1 2
37 16 21 1
99 31 26 4
29 95 3 4
7 60 10 4
14 73 22 3
80 1 12 2
91 99 1 3
48 36 18 4
34 70 17 4
62 0 28 2
1 52 29 2
64 75 6 2
2 22 19 4
33 49 14 1
82 14 6 1
68 92 27 3
4
47 48 30 1
56 60 15 1
22 48 5 1
47 23 5 1
24
84 36 3 2
7 62 17 4
56 96 30 1
59 100 13 2
52 24 12 4
0 3 20 3
92 49 20 3
11 44 12 1
35 32 19 3
2 90 20 2
88 60 7 4
15 17 30 2
88 68 19 1
42 20 15 3
18 10 30 4
68 30 21 3
51 10 18 4
39 6 8 1
51 5 2 1
0 9 4 1
79 12 20 4
4 16 14 2
90 76 24 2
7 64 24 3
24
0 79 20 2
64 53 22 1
40 89 1 3
53 12 17 3
34 54 2 4
29 3 11 4
49 42 7 2
38 81 28 3
8 31 26 3
8 34 30 1
46 20 23 2
96 70 6 2
96 33 20 4
63 94 25 1
79 5 2 1
27 25 17 4
1 8 27 4
4 71 23 4
50 91 17 2
52 32 6 3
70 96 8 2
38 57 21 3
100 64 14 1
0 69 23 1
24
61 3 9 3
41 63 5 2
81 3 6 3
41 3 6 1
81 23 9 2
81 63 9 1
61 23 5 3
21 3 10 3
81 43 9 1
1 43 6 1
41 23 9 3
21 43 7 2
1 23 8 1
61 63 6 3
41 43 5 2
21 63 6 2
21 23 5 4
1 63 9 2
61 43 7 4
1 3 6 1
1 83 7 4
1 83 7 4
1 83 7 4
1 83 5 4
12
1 3 10 4
12 3 1 3
1 15 2 2
21 3 8 4
1 24 7 3
39 3 10 2
1 34 3 4
54 3 5 3
1 43 6 2
62 3 3 4
1 54 5 3
97 96 17 2
1
37 12 73 4
2
100 34 99 4
0 66 6 4
24
5 11 6 2
77 7 10 3
99 27 8 2
92 79 9 2
8 96 21 2
83 0 30 1
42 63 24 4
11 83 4 4
25 65 25 3
34 2 18 1
85 11 30 1
40 5 17 3
93 32 7 3
56 60 23 2
53 59 19 4
85 51 28 3
81 73 8 1
99 81 27 1
52 30 27 4
9 46 11 3
32 86 21 4
18 86 2 2
82 74 9 4
40 63 19 1
6
1 0 2 2
13 5 11 3
18 17 2 4
33 25 15 2
41 40 2 3
56 48 15 4
24
53 80 9 2
74 18 26 3
51 32 6 2
35 72 16 3
44 84 10 4
30 40 19 4
23 18 16 1
93 79 26 2
35 97 16 2
100 64 5 3
29 38 7 1
20 40 21 1
78 54 11 4
93 18 7 1
100 86 30 2
51 18 15 1
39 2 18 4
89 4 6 2
50 80 19 4
17 49 6 4
34 83 26 3
10 35 18 3
73 68 17 1
15 15 3 3
24
64 86 27 1
16 58 14 2
42 35 12 4
88 51 23 3
85 53 11 2
77 18 7 3
87 59 9 3
44 92 19 4
18 12 10 1
9 6 4 1
11 56 21 2
66 20 12 1
21 67 30 1
74 91 2 4
88 95 29 3
6 9 5 3
53 87 19 2
10 31 21 4
85 9 11 4
25 99 6 2
8 30 1 4
14 20 12 1
83 76 5 2
28 85 3 3
8
48 18 98 2
48 18 98 2
48 18 98 3
48 18 98 4
48 18 98 1
48 18 98 3
48 18 98 1
48 18 98 4
6
0 75 6 2
13 75 6 2
25 75 6 2
3 3 6 2
10 3 6 2
21 3 6 2
16
34 4 8 1
34 4 13 3
34 4 14 2
34 4 17 4
34 4 22 1
34 4 27 3
34 4 29 2
34 4 31 4
34 4 33 1
34 4 35 3
34 4 40 2
34 4 44 4
34 4 49 1
34 4 51 3
34 4 53 2
34 4 55 4
0
