1 0 0 0 0 0
0 0 0 1 0 0
0 1 0 0 0 0
0 0 0 0 0 1
0 0 1 0 0 0
0 0 0 1 0 0
0 0 1 0 0 0
0 0 0 0 0 1
0 0 0 0 1 0
0 0 0 0 0 1
0 1 0 0 0 0
1 0 0 0 0 0
0 0 1 0 0 0
0 1 0 0 0 0
0 0 0 1 0 0
1 0 0 0 0 0
0 0 0 1 0 0
0 0 0 0 1 0
1 0 0 0 0 0
0 0 0 0 1 0
0 0 0 0 0 1
0 0 0 0 1 0
0 0 1 0 0 0
0 1 0 0 0 0
1 0 1 0 0 0
1 0 0 1 0 0
1 1 0 0 0 0
1 0 0 0 1 0
1 1 0 0 0 0
1 0 1 0 0 0
1 0 1 0 0 0
1 1 0 0 0 0
1 1 0 0 0 0
1 0 0 0 1 0
1 1 0 0 0 0
0 1 0 0 0 1
0 1 0 0 0 1
1 0 0 1 0 0
1 1 0 0 0 0
1 0 0 0 1 0
1 0 1 0 0 0
1 1 0 0 0 0
0 1 0 0 0 1
0 1 0 0 0 1
1 0 0 1 0 0
1 1 0 0 0 0
1 0 0 1 0 0
1 0 0 0 1 0
1 1 1 0 0 0
1 1 1 0 0 0
1 1 0 1 0 0
1 0 1 0 1 0
1 1 1 0 0 0
1 1 1 0 0 0
0 1 1 0 0 1
1 0 1 0 1 0
1 0 1 0 1 0
1 1 0 1 0 0
1 1 1 0 0 0
1 1 0 1 0 0
1 1 0 1 0 0
1 1 1 0 0 0
1 1 1 0 0 0
1 1 1 0 0 0
0 1 1 0 0 1
1 1 1 0 0 0
1 0 1 0 1 0
0 1 1 0 0 1
1 1 1 0 0 0
1 1 1 0 0 0
0 1 1 0 0 1
1 1 1 0 0 0
1 0 1 0 1 0
1 1 0 1 0 0
0 1 1 0 0 1
1 1 1 0 0 0
1 1 1 0 0 0
1 1 0 1 0 0
1 1 1 0 0 0
1 0 1 0 1 0
1 1 1 0 0 0
0 1 1 0 0 1
1 1 0 1 0 0
0 1 1 0 0 1
1 1 1 0 0 0
1 1 1 0 0 0
1 0 1 0 1 0
1 1 1 0 0 0
1 1 0 1 0 0
1 1 1 0 0 0
1 0 1 0 1 0
1 1 1 0 0 0
0 1 1 0 0 1
1 1 1 0 0 0
1 1 1 0 0 0
1 1 1 0 0 0
1 1 2 0 0 0
2 2 3 1 0 0
1 1 2 0 0 0
1 1 2 0 0 0
2 2 3 0 0 1
2 2 3 0 1 0
2 2 3 1 0 0
2 2 3 0 1 0
1 2 1 0 0 0
2 2 3 1 0 0
2 2 3 0 0 1
1 2 1 0 0 0
2 2 3 0 1 0
1 2 1 0 0 0
1 1 2 0 0 0
2 2 3 0 0 1
2 2 3 1 0 0
1 1 2 0 0 0
1 1 2 0 0 0
2 2 3 0 0 1
2 2 3 0 1 0
1 1 2 0 0 0
1 2 1 0 0 0
1 1 2 0 0 0
2 2 3 1 0 0
1 2 1 0 0 0
1 1 2 0 0 0
2 2 3 0 0 1
1 1 2 0 0 0
2 2 3 1 0 0
1 2 1 0 0 0
2 2 3 0 0 1
1 1 2 0 0 0
2 2 3 1 0 0
1 2 1 0 0 0
1 1 2 0 0 0
2 2 3 0 1 0
2 2 3 0 0 1
1 1 2 0 0 0
1 1 2 0 0 0
2 2 3 0 1 0
1 2 1 0 0 0
1 1 2 0 0 0
2 2 3 0 1 0
2 2 3 0 1 0
2 2 3 0 0 1
2 2 3 1 0 0
1 1 2 0 0 0
2 0 1 0 1 0
2 1 4 1 0 0
4 5 4 0 1 0
3 5 5 1 0 0
6 2 13 0 0 0
4 5 11 0 1 0
